0.05  3.2  0.00595013
0.1  4.54  0.00302916
0.15  5.56  0.00281279
0.2  6.42  0.00102775
0.25  7.17  0.000443555
0.3  7.85  0.00104578
0.35  8.49  0.0015764
0.4  9.08  0.00103451
0.45  9.63  0.00149054
0.5  10.15  0.00113052
0.55  10.64  0.000201616
0.6  11.12  0.00113593
0.65  11.57  0.000915404
0.7  12  0.000888655
0.75  12.42  0.00161194
0.8  12.83  0.00143682
0.85  13.24  0.00072547
0.9  13.69  9.61637e-05
0.95  14.3  0.000654799

0.05  3.2  0.00595013
0.1  4.54  0.00302916
0.2  6.42  0.00102775
0.3  7.85  0.00104578
0.4  9.08  0.00103451
0.5  10.15  0.00113052
0.6  11.12  0.00113593
0.7  12  0.000888655
0.8  12.83  0.00143682

{12.83, 12, 11.12, 10.15, 9.08, 7.85, 6.42, 4.54, 3.2} //19Gev-19M