0.05  3.24  0.00261271
0.1  4.56  0.00176128
0.15  5.58  0.000564835
0.2  6.44  0.000175294
0.25  7.2  0.00145744
0.3  7.88  0.000765171
0.35  8.51  0.000680902
0.4  9.1  0.00143574
0.45  9.65  0.000865338
0.5  10.17  0.00175127
0.55  10.66  8.72674e-05
0.6  11.14  0.00165277
0.65  11.59  0.00157251
0.7  12.02  0.000683287
0.75  12.45  0.00148193
0.8  12.85  8.556e-05
0.85  13.27  0.000344204
0.9  13.73  0.000991476
0.95  14.32  0.000581237

0.05  3.24  0.00261271 0-5% (cen9)
0.1  4.56  0.00176128 
0.2  6.44  0.000175294
0.3  7.88  0.000765171
0.4  9.1  0.00143574
0.5  10.17  0.00175127
0.6  11.14  0.00165277
0.7  12.02  0.000683287
0.8  12.85  8.556e-05 70-80% (cen1)

{12.85, 12.02, 11.14, 10.17, 9.1, 7.88, 6.44, 4.56, 3.24} //27GeV-10M-2