0.05  3.2  0.00276987
0.1  4.52  0.0018888
0.15  5.54  0.000750747
0.2  6.41  0.0029626
0.25  7.16  0.000787458
0.3  7.86  0.00124635
0.35  8.49  0.00061439
0.4  9.07  0.00109033
0.45  9.61  0.00039587
0.5  10.13  0.000115641
0.55  10.63  0.00149832
0.6  11.1  0.000741569
0.65  11.55  0.000694268
0.7  11.98  0.000771725
0.75  12.4  0.000802142
0.8  12.81  0.000250555
0.85  13.23  0.000664367
0.9  13.69  0.000114417
0.95  14.28  8.60784e-05

0.05  3.2  0.00276987
0.1  4.52  0.0018888
0.2  6.41  0.0029626
0.3  7.86  0.00124635
0.4  9.07  0.00109033
0.5  10.13  0.000115641
0.6  11.1  0.000741569
0.7  11.98  0.000771725
0.8  12.81  0.000250555

{12.81, 11.98, 11.1, 10.13, 9.07, 7.86, 6.41, 4.52, 3.2} //7GeV-8k